function [Elec_Field_NS,Elec_Field_EW,EField_mlat,Multi_EF,DataSamplingRate,FieldName] = GeoStorm20150317G4_OTT_1m()
% UTC 10:00 - 18:00
EField_mlat = 54.88;
DataSamplingRate = 60; % in sec
FieldName = 'GeoStorm20150317G4_OTT_1m';

Multi_EF = {
'SHIELD'
};

%NS
Elec_Field_NS = [ 
-0.816137
3.15942
5.25259
-6.80344
-20.8284
-20.0031
-23.2774
-0.0657892
28.0921
52.0305
38.0213
25.5236
0.459538
22.0468
29.8088
26.7741
20.8796
2.70851
-48.2858
-44.0793
-45.3274
-27.1384
-14.5847
-13.9438
-20.008
-1.14227
22.5684
17.1864
31.5023
28.454
20.9796
20.0688
18.8924
26.0931
11.9968
4.07902
6.35351
-19.363
-34.6266
-11.1668
1.96754
-2.8366
-5.00468
-55.2894
-23.2003
10.3415
8.50942
36.7001
55.0059
29.1287
18.9629
-26.482
-11.0022
5.12813
-9.38319
11.1199
14.1963
-28.3585
-21.5066
7.23116
-24.8619
-34.2494
-24.6126
-35.9578
-48.6346
-27.245
-2.75174
18.7757
52.5443
43.5915
36.1608
29.4104
41.0678
37.7273
-13.2401
-8.14533
5.77854
0.556864
14.8007
3.15948
-0.632479
-12.7193
-62.3371
-64.8248
-36.9475
-31.6453
-45.7612
-20.0304
-32.7738
-28.1289
21.7877
53.1763
83.684
59.6337
7.95189
-5.06217
7.14417
6.30542
-8.9613
-31.3678
-4.78912
-20.9872
-28.1272
-2.6835
3.2962
41.7721
32.2107
4.98586
-12.7557
32.3803
-28.3528
-13.4758
6.83018
27.6128
-66.0691
-16.8238
-22.5477
-16.6638
-14.1355
26.2972
8.957
56.2518
16.4792
-29.5549
-21.6954
-62.0742
-107.437
-84.4512
-60.533
-25.1305
11.4847
123.544
139.193
-70.7718
-92.0756
-4.51524
22.4572
-80.1438
-39.5876
-14.1991
10.0855
22.8655
76.8015
65.6893
52.2263
22.5581
59.8326
22.6107
77.5333
18.9891
-60.9084
13.2746
-96.7071
-1.75289
29.9711
83.9498
43.3471
-6.99532
-19.5305
26.2882
4.07261
-10.4233
23.9912
4.24447
-48.2574
-62.0123
-47.3708
-18.9768
52.9273
52.7252
111.007
83.0858
111.859
11.7491
34.3429
-17.2592
33.8414
19.4033
13.9023
-15.8138
6.41742
6.82082
0.109621
-17.408
-1.08914
-23.0746
5.54958
19.7236
-12.9849
-23.8359
5.64498
-25.9684
-12.3732
5.50502
35.6949
26.1803
16.8489
8.69979
22.5698
-16.1577
7.05962
-1.0784
16.4097
-13.8908
21.781
17.6534
24.4845
7.68885
43.2851
106.942
147.233
79.927
27.8041
-4.60112
62.3253
79.7498
25.0133
58.9371
82.6403
95.8452
54.079
-2.13353
-22.38
-48.5237
27.5258
-22.7303
-46.3655
25.5489
124.685
104.317
-61.547
-156.666
-45.4281
-128.279
-157.611
-21.1693
-116.916
-275.137
-25.0235
-28.8336
-252.391
-60.0026
-44.0925
90.1312
195
-20.0177
33.841
-7.4558
27.8076
182.47
253.691
110.654
30.5284
-14.263
-78.5665
-128.904
-97.3979
-89.2988
-76.481
-94.6562
-51.1088
26.1179
50.0318
73.1388
150.284
93.5002
12.7767
-36.9857
-71.0504
-50.2728
-6.52072
-6.73434
21.0062
-16.5133
-13.9602
-3.99934
-7.16586
34.9086
49.2553
44.3023
110.869
136.76
177.901
1.0714
-155.619
-65.6027
-32.1714
19.2335
-45.0517
-39.3482
9.33028
-12.9607
18.0879
13.7217
-65.0217
-21.3479
-54.2603
-29.0359
-47.0508
-37.4744
-51.6709
-56.9462
-61.3205
-55.603
-66.0583
-79.96
-45.726
-42.0123
-18.5384
6.33952
0.597564
50.5575
46.7252
81.6253
49.5487
67.4587
21.4624
19.1636
14.3908
-30.3283
22.5489
-3.75462
-6.70236
16.106
-51.7024
-69.1281
-123.871
-73.9981
11.6225
-14.6058
10.3071
10.0607
22.7392
1.81692
26.2454
-20.0374
-21.7552
-29.7856
-18.2734
3.08992
32.2485
-40.6735
-47.6896
94.9404
-35.7269
-110.145
-62.1191
-56.5144
-49.0976
7.75306
0.448237
18.2265
22.0217
19.7838
-48.7932
17.5857
-77.0248
-36.57
-22.2913
-25.6674
12.6949
-11.5203
47.0305
5.54003
47.3342
42.6059
-9.4567
19.5069
47.7989
21.4363
21.1549
11.0424
19.6707
11.7693
17.1401
-21.8015
-28.6525
-13.013
11.6675
1.01294
-12.7301
8.7577
-7.38406
12.429
-32.9361
-29.7292
-33.8919
-43.1532
-35.9924
-64.2124
-63.323
-41.2268
14.065
48.1588
71.5969
54.5769
42.475
14.0721
6.9123
-4.40988
-10.9451
-16.0556
43.0299
76.0483
90.9367
49.8636
2.87821
32.3056
-45.8784
-14.0494
-45.4237
-41.5613
-50.2547
-9.90973
9.1519
21.952
-15.5708
-49.8092
-36.2599
-30.2346
7.31124
-29.3575
15.3796
-22.8552
-24.8923
-26.8893
0.327624
-57.9668
-14.2664
-21.7076
1.25913
-2.98781
-32.4794
-46.2744
-10.6887
27.864
25.329
34.277
-15.1882
-7.86567
39.1576
29.5314
53.3108
44.2786
32.4674
5.76359
7.58423
-37.1302
-112.745
-79.2704
-65.7894
-25.4546
-19.9198
27.2409
57.6226
-5.32362
59.3527
50.6324
38.4173
42.5266
40.8845
47.907
41.441
4.51158
14.0467
38.2156
-16.4336
-5.62029
6.99055
-2.77374
28.9441
-7.65544
-0.248655
-5.3347
-20.0046
2.00703
6.37123
3.2556
0.251492
0.0598524
];

