function [Elec_Field_NS,Elec_Field_EW,EField_mlat,Multi_EF,DataSamplingRate,FieldName] = GeoStorm20150622G4_OTT_1m()

EField_mlat = 54.88;
DataSamplingRate = 60; % in sec
FieldName = 'GeoStorm20150622G4_OTT_1m';

Multi_EF = {
'SHIELD'
};



Elec_Field_NS = [   %NS
9.77742
76.8749
62.6491
68.0248
97.9328
-1.65376
-21.8013
13.328
11.9231
-22.9272
-12.8252
-14.9061
-38.2836
-48.3655
29.0802
22.3821
8.88062
50.7976
31.5963
56.5161
91.6959
67.3601
73.3425
59.2213
39.5243
29.9565
38.7465
45.179
41.7291
9.22699
35.8264
61.5226
80.8451
48.3935
35.0658
-37.0428
-20.7674
-28.2213
13.7387
-45.9456
-34.4756
-73.8188
-42.7084
-88.6037
-39.3171
-56.6633
-22.6692
-134.872
-132.864
-138.553
-133.954
-132.307
-105.896
-120.441
-58.3358
-49.705
-25.3192
-24.7587
42.0241
-73.171
-42.3753
-117.587
-100.972
-0.433763
-1.37112
-12.5314
80.4741
188.65
215.67
74.2762
-62.1719
172.364
-95.7392
23.6365
159.664
258.429
-202.735
-147.238
152.744
78.8313
-162.947
57.8333
-99.5138
91.9991
-5.86963
1.60346
-141.647
-31.0934
-14.7645
-12.7398
-29.5175
-81.3634
-16.4976
-23.7216
-11.4252
3.1057
-37.9192
-44.5574
-31.7284
-1.51102
-12.6327
-69.5961
-38.5148
94.5176
18.2557
-65.6414
-32.8908
-5.79889
5.55086
21.0838
-37.6164
-24.6443
37.0326
43.6757
15.5473
16.9933
-13.7883
-1.69073
15.3119
-5.22142
];

Elec_Field_EW = [   %EW
-24.1897
-6.79995
-55.7702
-28.3716
-76.089
-86.8316
-90.704
-44.394
-56.6086
-29.5785
-101.229
-53.2481
-45.2237
-61.1314
-22.3583
-19.6186
25.1543
1.4677
-2.23838
-13.7326
25.0868
-33.1392
-53.5417
-55.2114
-24.6352
-37.4555
-37.9446
-23.9073
-38.4365
-47.658
-52.6648
-39.066
-10.9954
-62.5092
-8.87795
-8.60961
-38.9878
-67.3764
-39.5239
-107.149
-62.0304
-94.0231
-2.46804
-26.5682
-26.4098
-75.1531
-82.2415
-46.9119
-19.9573
20.0059
45.7549
95.0608
46.8247
32.9853
11.7832
7.00849
-67.182
-136.056
-183.127
-74.7816
-119.958
-100.154
-21.3833
-210.143
-227.24
-47.731
165.725
-43.784
55.077
159.638
127.992
33.2682
133.993
-30.5168
333.482
360.784
-77.3816
8.48474
200.181
82.6139
23.2419
61.5367
-64.7876
103.479
140.577
109
70.2356
160.76
141.938
144.798
117.839
11.88
65.3675
34.7049
8.57258
14.166
105.283
80.1469
69.4004
97.6944
76.5246
43.5508
32.796
86.6643
11.0298
8.25081
16.4377
-4.32626
32.9372
8.39258
13.9202
3.73855
9.39236
31.6072
16.0441
31.7359
3.22786
15.5793
22.5392
0.491954
];


% LineOpen = {
% 15046, 314935, '1 '
% 217,   1300, '1 '
% 643,   668,'1 '
% 15241,   774,'1 '
% 657,   722,'1 '
% 796,   794,'1 '
% 15192,   762,'2 '
% 15192,   762,'1 '
% 763, 15192,'2 '
% 763, 15192,'1 '
% 24,    763, '1 '
% 762,    27,'1 '
% };
% 
% TXOpen = {
% 602,   713,0,'1 '
% 602,   712,0,'2 '
% 602,   712,0,'1 '
% 314702,315164,0,'1 '
% 314702,315163,0,'1 '
% 314702,315161,0,'1 '
% 2971, 15164,0,'1 '
% 668,   667, 15053,'1 '
% 667,   705,0,'1 '
% 314927,   643,0,'1 '
% 612,   717,0,'1 '
% 15281,  1128,0,'2 '
% 15281,  1128,0,'1 '
% 15280,   716,0,'2 '
% 15280,   716,0,'1 '
% 53,  1207, 15094,'1 '
% 314074,    66,0,'1 '
% 314744,315170,0,'1 '
% 3076,  3082,0,'1 '
% 314917,  2768,0,'1 '
% 2768,  3027,0,'1 '
% 15089, 315219,0, '1 '
% 15089, 315216,0, '1 '
% 15090, 315218,0, '1 '
% 15090, 315217,0, '1 '
% };
% 
% SROpen = [
% 18,0.49051,0
% 314282,0.65900,1
% 640,0.49001,0
% 15,0.48904,0
% 1335,0.48446,1
% 314574,0.48480,1
% 187,0.66700,1
% 187,0.65130,0
% 2177,0.64870,1
% 14,0.64330,0
% 24,0.64460,1
% 314583,0.48611,1
% 314232,0.49240,1
% 314647,0.49473,0
% 666,0.48702,1
% 15270,0.48592,0
% 1345,0.48844,0
% 637,0.65230,1 
% ];

end